
2107380345708409339
2106562968767123594
2107038082641830072
2107048163098145078
2107350142286229668
2107101248268955662
2107048152268222491
2107024962318209215
2102676805538959579
2107397735204966822
2107094931856924998
2107008210682908843
2107425642471969004
2107199147749278133
2107412549205647812
2107104856465154240
2107439475408478569
1294959603227262977
2107082464657330455
2107449543352545486
2107449794537177315
2107448657553527278
2107472913897242664
2106670665940046071
2107486044644057500
2107457660471935002
2107727627465244675
2107600034930065750
2107757838499971168
2072898572484555091
2107688103712608595
2107753779366117581
2107765745077936164
2107777957397950585
2107777957897068808
2107766126113587540
2107780474752152002
2107785262927360411
1753932417507975364
1883303846627479656
